param m := 180;
param n := 4;

param A : 1 2 3 4 :=
1 0.033000 0.330000 0.691000 0.422000
2 0.250000 0.637000 0.864000 0.302000
3 0.365000 0.765000 0.318000 0.136000
4 0.761000 0.082000 0.551000 0.565000
5 0.982000 0.219000 0.454000 0.519000
6 0.555000 0.729000 0.629000 0.796000
7 0.275000 0.830000 0.914000 0.965000
8 0.120000 0.216000 0.889000 0.984000
9 0.914000 0.349000 0.283000 0.231000
10 0.389000 0.992000 0.566000 0.940000
11 0.309000 0.922000 0.776000 0.764000
12 0.349000 0.319000 0.169000 0.978000
13 0.753000 0.253000 0.945000 0.667000
14 0.197000 0.787000 0.434000 0.085000
15 0.951000 0.999000 0.119000 0.234000
16 0.603000 0.623000 0.222000 0.169000
17 0.779000 0.478000 0.485000 0.555000
18 0.926000 0.904000 0.561000 0.095000
19 0.676000 0.848000 0.136000 0.620000
20 0.354000 0.817000 0.301000 0.788000
21 0.072000 0.739000 0.901000 0.190000
22 0.131000 0.793000 0.596000 0.354000
23 0.160000 0.133000 0.440000 0.645000
24 0.682000 0.571000 0.592000 0.243000
25 0.474000 0.919000 0.514000 0.610000
26 0.029000 0.964000 0.356000 0.331000
27 0.258000 0.402000 0.492000 0.159000
28 0.465000 0.290000 0.386000 0.061000
29 0.348000 0.220000 0.777000 0.788000
30 0.465000 0.471000 0.436000 0.057000
31 0.102000 0.531000 0.632000 0.617000
32 0.171000 0.646000 0.105000 0.526000
33 0.858000 0.784000 0.379000 0.349000
34 0.972000 0.814000 0.234000 0.358000
35 0.878000 0.706000 0.095000 0.655000
36 0.960000 0.120000 0.965000 0.396000
37 0.678000 0.498000 0.708000 0.310000
38 0.849000 0.481000 0.761000 0.954000
39 0.738000 0.812000 0.791000 0.117000
40 0.735000 0.089000 0.975000 0.968000
41 0.850000 0.846000 0.153000 0.944000
42 0.647000 0.904000 0.620000 0.611000
43 0.797000 0.290000 0.799000 0.505000
44 0.914000 0.354000 0.081000 0.675000
45 0.088000 0.413000 0.120000 0.879000
46 0.282000 0.614000 0.620000 0.257000
47 0.066000 0.106000 0.428000 0.219000
48 0.929000 0.866000 0.955000 0.549000
49 0.255000 0.346000 0.767000 0.054000
50 0.366000 0.968000 0.204000 0.447000
51 0.513000 0.535000 0.056000 0.633000
52 0.586000 0.915000 0.029000 0.206000
53 0.611000 0.272000 0.277000 0.039000
54 0.328000 0.967000 0.357000 0.283000
55 0.834000 0.538000 0.863000 0.601000
56 0.713000 0.967000 0.560000 0.918000
57 0.203000 0.431000 0.949000 0.259000
58 0.364000 0.845000 0.978000 0.393000
59 0.149000 0.003000 0.324000 0.427000
60 0.815000 0.755000 0.009000 0.172000
61 0.526000 0.006000 0.576000 0.389000
62 0.168000 0.102000 0.574000 0.728000
63 0.988000 0.931000 0.450000 0.938000
64 0.514000 0.302000 0.034000 0.492000
65 0.085000 0.641000 0.698000 0.409000
66 0.740000 0.224000 0.823000 0.749000
67 0.860000 0.275000 0.402000 0.436000
68 0.009000 0.604000 0.766000 0.583000
69 0.786000 0.571000 0.263000 0.236000
70 0.452000 0.750000 0.811000 0.486000
71 0.505000 0.571000 0.884000 0.203000
72 0.952000 0.943000 0.204000 0.774000
73 0.600000 0.634000 0.967000 0.002000
74 0.631000 0.011000 0.675000 0.397000
75 0.007000 0.183000 0.164000 0.269000
76 0.673000 0.721000 0.170000 0.484000
77 0.413000 0.989000 0.779000 0.296000
78 0.759000 0.248000 0.135000 0.963000
79 0.827000 0.563000 0.657000 0.794000
80 0.727000 0.425000 0.575000 0.402000
81 0.168000 0.408000 0.006000 0.333000
82 0.426000 0.006000 0.399000 0.596000
83 0.606000 0.008000 0.480000 0.384000
84 0.672000 0.143000 0.553000 0.807000
85 0.575000 0.634000 0.669000 0.232000
86 0.233000 0.959000 0.853000 0.808000
87 0.676000 0.976000 0.769000 0.682000
88 0.447000 0.107000 0.315000 0.845000
89 0.805000 0.451000 0.711000 0.285000
90 0.016000 0.957000 0.979000 0.569000
91 0.085000 0.144000 0.398000 0.754000
92 0.826000 0.986000 0.336000 0.680000
93 0.696000 0.356000 0.770000 0.466000
94 0.079000 0.912000 0.144000 0.393000
95 0.847000 0.198000 0.209000 0.559000
96 0.045000 0.575000 0.440000 0.024000
97 0.204000 0.109000 0.289000 0.602000
98 0.665000 0.428000 0.849000 0.001000
99 0.643000 0.697000 0.463000 0.413000
100 0.501000 0.492000 0.075000 0.645000
101 0.833000 0.492000 0.083000 0.042000
102 0.567000 0.087000 0.626000 0.007000
103 0.770000 0.211000 0.220000 0.059000
104 0.082000 0.724000 0.241000 0.931000
105 0.349000 0.574000 0.422000 0.813000
106 0.585000 0.313000 0.479000 0.660000
107 0.364000 0.493000 0.451000 0.447000
108 0.502000 0.014000 0.621000 0.128000
109 0.732000 0.898000 0.232000 0.951000
110 0.045000 0.033000 0.681000 0.286000
111 0.406000 0.635000 0.538000 0.828000
112 0.526000 0.413000 0.761000 0.004000
113 0.719000 0.368000 0.565000 0.170000
114 0.100000 0.671000 0.829000 0.721000
115 0.850000 0.452000 0.698000 0.082000
116 0.655000 0.126000 0.437000 0.337000
117 0.401000 0.743000 0.047000 0.940000
118 0.494000 0.465000 0.984000 0.255000
119 0.057000 0.974000 0.838000 0.622000
120 0.653000 0.722000 0.815000 0.482000
121 0.615000 0.332000 0.895000 0.312000
122 0.298000 0.967000 0.540000 0.735000
123 0.952000 0.137000 0.047000 0.999000
124 0.618000 0.493000 0.542000 0.602000
125 0.012000 0.658000 0.722000 0.849000
126 0.866000 0.502000 0.002000 0.681000
127 0.444000 0.295000 0.316000 0.339000
128 0.729000 0.637000 0.575000 0.269000
129 0.879000 0.221000 0.509000 0.926000
130 0.586000 0.543000 0.713000 0.128000
131 0.461000 0.139000 0.803000 0.183000
132 0.084000 0.049000 0.490000 0.086000
133 0.474000 0.530000 0.025000 0.790000
134 0.633000 0.520000 0.507000 0.208000
135 0.879000 0.087000 0.010000 0.389000
136 0.230000 0.974000 0.556000 0.942000
137 0.702000 0.403000 0.242000 0.505000
138 0.230000 0.589000 0.635000 0.721000
139 0.365000 0.195000 0.205000 0.391000
140 0.074000 0.023000 0.505000 0.580000
141 0.294000 0.460000 0.318000 0.304000
142 0.331000 0.534000 0.823000 0.888000
143 0.925000 0.589000 0.879000 0.167000
144 0.466000 0.397000 0.683000 0.101000
145 0.357000 0.466000 0.312000 0.562000
146 0.298000 0.636000 0.880000 0.803000
147 0.112000 0.097000 0.676000 0.430000
148 0.524000 0.762000 0.936000 0.347000
149 0.412000 0.271000 0.239000 0.291000
150 0.333000 0.756000 0.835000 0.016000
151 0.952000 0.373000 0.324000 0.264000
152 0.181000 0.562000 0.570000 0.061000
153 0.786000 0.173000 0.462000 0.462000
154 0.864000 0.986000 0.365000 0.799000
155 0.014000 0.211000 0.604000 0.253000
156 0.042000 0.586000 0.258000 0.876000
157 0.116000 0.828000 0.975000 0.440000
158 0.910000 0.621000 0.654000 0.480000
159 0.019000 0.267000 0.855000 0.481000
160 0.458000 0.345000 0.714000 0.823000
161 0.046000 0.837000 0.355000 0.650000
162 0.857000 0.692000 0.677000 0.115000
163 0.279000 0.230000 0.396000 0.254000
164 0.488000 0.164000 0.291000 0.142000
165 0.972000 0.161000 0.911000 0.827000
166 0.640000 0.285000 0.986000 0.354000
167 0.130000 0.400000 0.945000 0.485000
168 0.036000 0.342000 0.742000 0.712000
169 0.309000 0.991000 0.687000 0.705000
170 0.357000 0.194000 0.409000 0.647000
171 0.053000 0.620000 0.497000 0.964000
172 0.138000 0.604000 0.732000 0.125000
173 0.840000 0.255000 0.358000 0.786000
174 0.408000 0.821000 0.082000 0.149000
175 0.539000 0.459000 0.525000 0.226000
176 0.770000 0.583000 0.358000 0.179000
177 0.694000 0.233000 0.850000 0.190000
178 0.297000 0.329000 0.801000 0.029000
179 0.758000 0.869000 0.709000 0.116000
180 0.449000 0.524000 0.476000 0.532000
;

param y :=
1 -1
2 1
3 -1
4 -1
5 1
6 1
7 1
8 1
9 -1
10 1
11 1
12 -1
13 1
14 -1
15 1
16 -1
17 1
18 1
19 1
20 1
21 1
22 1
23 -1
24 1
25 1
26 -1
27 -1
28 -1
29 1
30 -1
31 -1
32 1
33 1
34 1
35 1
36 1
37 1
38 1
39 1
40 1
41 1
42 1
43 1
44 1
45 -1
46 -1
47 -1
48 1
49 -1
50 -1
51 -1
52 -1
53 -1
54 -1
55 1
56 1
57 -1
58 1
59 -1
60 -1
61 -1
62 -1
63 1
64 -1
65 -1
66 1
67 -1
68 -1
69 -1
70 1
71 -1
72 1
73 1
74 -1
75 -1
76 1
77 1
78 1
79 1
80 1
81 -1
82 -1
83 -1
84 1
85 1
86 1
87 1
88 -1
89 1
90 1
91 -1
92 1
93 1
94 -1
95 -1
96 -1
97 -1
98 -1
99 1
100 -1
101 -1
102 -1
103 -1
104 -1
105 -1
106 -1
107 -1
108 -1
109 -1
110 1
111 1
112 -1
113 -1
114 1
115 1
116 -1
117 1
118 1
119 1
120 1
121 1
122 1
123 1
124 1
125 1
126 -1
127 -1
128 1
129 1
130 -1
131 1
132 -1
133 -1
134 -1
135 -1
136 1
137 -1
138 1
139 1
140 -1
141 -1
142 1
143 1
144 -1
145 -1
146 1
147 -1
148 1
149 -1
150 -1
151 -1
152 -1
153 -1
154 1
155 -1
156 -1
157 1
158 1
159 -1
160 1
161 -1
162 1
163 -1
164 -1
165 1
166 1
167 -1
168 -1
169 1
170 -1
171 1
172 1
173 1
174 -1
175 -1
176 -1
177 -1
178 -1
179 1
180 -1
;
