0.033 0.330 0.691 0.422   -1.0
0.250 0.637 0.864 0.302   1.0
0.365 0.765 0.318 0.136   -1.0
0.761 0.082 0.551 0.565   -1.0
0.982 0.219 0.454 0.519   1.0
0.555 0.729 0.629 0.796   1.0
0.275 0.830 0.914 0.965   1.0
0.120 0.216 0.889 0.984   1.0
0.914 0.349 0.283 0.231   -1.0
0.389 0.992 0.566 0.940   1.0
0.309 0.922 0.776 0.764   1.0
0.349 0.319 0.169 0.978   -1.0
0.753 0.253 0.945 0.667   1.0
0.197 0.787 0.434 0.085   -1.0
0.951 0.999 0.119 0.234   1.0
0.603 0.623 0.222 0.169   -1.0
0.779 0.478 0.485 0.555   1.0
0.926 0.904 0.561 0.095   1.0
0.676 0.848 0.136 0.620   1.0
0.354 0.817 0.301 0.788   1.0
0.072 0.739 0.901 0.190   1.0*
0.131 0.793 0.596 0.354   1.0*
0.160 0.133 0.440 0.645   -1.0
0.682 0.571 0.592 0.243   1.0
0.474 0.919 0.514 0.610   1.0
0.029 0.964 0.356 0.331   -1.0
0.258 0.402 0.492 0.159   -1.0
0.465 0.290 0.386 0.061   -1.0
0.348 0.220 0.777 0.788   1.0
0.465 0.471 0.436 0.057   -1.0
0.102 0.531 0.632 0.617   -1.0
0.171 0.646 0.105 0.526   1.0*
0.858 0.784 0.379 0.349   1.0
0.972 0.814 0.234 0.358   1.0
0.878 0.706 0.095 0.655   1.0
0.960 0.120 0.965 0.396   1.0
0.678 0.498 0.708 0.310   1.0
0.849 0.481 0.761 0.954   1.0
0.738 0.812 0.791 0.117   1.0
0.735 0.089 0.975 0.968   1.0
0.850 0.846 0.153 0.944   1.0
0.647 0.904 0.620 0.611   1.0
0.797 0.290 0.799 0.505   1.0
0.914 0.354 0.081 0.675   1.0
0.088 0.413 0.120 0.879   -1.0
0.282 0.614 0.620 0.257   -1.0
0.066 0.106 0.428 0.219   -1.0
0.929 0.866 0.955 0.549   1.0
0.255 0.346 0.767 0.054   -1.0
0.366 0.968 0.204 0.447   -1.0
0.513 0.535 0.056 0.633   -1.0
0.586 0.915 0.029 0.206   -1.0
0.611 0.272 0.277 0.039   -1.0
0.328 0.967 0.357 0.283   -1.0
0.834 0.538 0.863 0.601   1.0
0.713 0.967 0.560 0.918   1.0
0.203 0.431 0.949 0.259   -1.0
0.364 0.845 0.978 0.393   1.0
0.149 0.003 0.324 0.427   -1.0
0.815 0.755 0.009 0.172   -1.0
0.526 0.006 0.576 0.389   -1.0
0.168 0.102 0.574 0.728   -1.0
0.988 0.931 0.450 0.938   1.0
0.514 0.302 0.034 0.492   -1.0
0.085 0.641 0.698 0.409   -1.0
0.740 0.224 0.823 0.749   1.0
0.860 0.275 0.402 0.436   -1.0
0.009 0.604 0.766 0.583   -1.0
0.786 0.571 0.263 0.236   -1.0
0.452 0.750 0.811 0.486   1.0
0.505 0.571 0.884 0.203   -1.0*
0.952 0.943 0.204 0.774   1.0
0.600 0.634 0.967 0.002   1.0
0.631 0.011 0.675 0.397   -1.0
0.007 0.183 0.164 0.269   -1.0
0.673 0.721 0.170 0.484   1.0
0.413 0.989 0.779 0.296   1.0
0.759 0.248 0.135 0.963   1.0
0.827 0.563 0.657 0.794   1.0
0.727 0.425 0.575 0.402   1.0
0.168 0.408 0.006 0.333   -1.0
0.426 0.006 0.399 0.596   -1.0
0.606 0.008 0.480 0.384   -1.0
0.672 0.143 0.553 0.807   1.0
0.575 0.634 0.669 0.232   1.0
0.233 0.959 0.853 0.808   1.0
0.676 0.976 0.769 0.682   1.0
0.447 0.107 0.315 0.845   -1.0
0.805 0.451 0.711 0.285   1.0
0.016 0.957 0.979 0.569   1.0
0.085 0.144 0.398 0.754   -1.0
0.826 0.986 0.336 0.680   1.0
0.696 0.356 0.770 0.466   1.0
0.079 0.912 0.144 0.393   -1.0
0.847 0.198 0.209 0.559   -1.0
0.045 0.575 0.440 0.024   -1.0
0.204 0.109 0.289 0.602   -1.0
0.665 0.428 0.849 0.001   -1.0
0.643 0.697 0.463 0.413   1.0
0.501 0.492 0.075 0.645   -1.0
0.833 0.492 0.083 0.042   -1.0
0.567 0.087 0.626 0.007   -1.0
0.770 0.211 0.220 0.059   -1.0
0.082 0.724 0.241 0.931   -1.0
0.349 0.574 0.422 0.813   -1.0*
0.585 0.313 0.479 0.660   -1.0*
0.364 0.493 0.451 0.447   -1.0
0.502 0.014 0.621 0.128   -1.0
0.732 0.898 0.232 0.951   -1.0*
0.045 0.033 0.681 0.286   1.0*
0.406 0.635 0.538 0.828   1.0
0.526 0.413 0.761 0.004   -1.0
0.719 0.368 0.565 0.170   -1.0
0.100 0.671 0.829 0.721   1.0
0.850 0.452 0.698 0.082   1.0
0.655 0.126 0.437 0.337   -1.0
0.401 0.743 0.047 0.940   1.0
0.494 0.465 0.984 0.255   1.0
0.057 0.974 0.838 0.622   1.0
0.653 0.722 0.815 0.482   1.0
0.615 0.332 0.895 0.312   1.0
0.298 0.967 0.540 0.735   1.0
0.952 0.137 0.047 0.999   1.0
0.618 0.493 0.542 0.602   1.0
0.012 0.658 0.722 0.849   1.0
0.866 0.502 0.002 0.681   -1.0*
0.444 0.295 0.316 0.339   -1.0
0.729 0.637 0.575 0.269   1.0
0.879 0.221 0.509 0.926   1.0
0.586 0.543 0.713 0.128   -1.0
0.461 0.139 0.803 0.183   1.0*
0.084 0.049 0.490 0.086   -1.0
0.474 0.530 0.025 0.790   -1.0
0.633 0.520 0.507 0.208   -1.0
0.879 0.087 0.010 0.389   -1.0
0.230 0.974 0.556 0.942   1.0
0.702 0.403 0.242 0.505   -1.0
0.230 0.589 0.635 0.721   1.0
0.365 0.195 0.205 0.391   1.0*
0.074 0.023 0.505 0.580   -1.0
0.294 0.460 0.318 0.304   -1.0
0.331 0.534 0.823 0.888   1.0
0.925 0.589 0.879 0.167   1.0
0.466 0.397 0.683 0.101   -1.0
0.357 0.466 0.312 0.562   -1.0
0.298 0.636 0.880 0.803   1.0
0.112 0.097 0.676 0.430   -1.0
0.524 0.762 0.936 0.347   1.0
0.412 0.271 0.239 0.291   -1.0
0.333 0.756 0.835 0.016   -1.0
0.952 0.373 0.324 0.264   -1.0
0.181 0.562 0.570 0.061   -1.0
0.786 0.173 0.462 0.462   -1.0
0.864 0.986 0.365 0.799   1.0
0.014 0.211 0.604 0.253   -1.0
0.042 0.586 0.258 0.876   -1.0
0.116 0.828 0.975 0.440   1.0
0.910 0.621 0.654 0.480   1.0
0.019 0.267 0.855 0.481   -1.0
0.458 0.345 0.714 0.823   1.0
0.046 0.837 0.355 0.650   -1.0
0.857 0.692 0.677 0.115   1.0
0.279 0.230 0.396 0.254   -1.0
0.488 0.164 0.291 0.142   -1.0
0.972 0.161 0.911 0.827   1.0
0.640 0.285 0.986 0.354   1.0
0.130 0.400 0.945 0.485   -1.0
0.036 0.342 0.742 0.712   -1.0
0.309 0.991 0.687 0.705   1.0
0.357 0.194 0.409 0.647   -1.0
0.053 0.620 0.497 0.964   1.0
0.138 0.604 0.732 0.125   1.0*
0.840 0.255 0.358 0.786   1.0
0.408 0.821 0.082 0.149   -1.0
0.539 0.459 0.525 0.226   -1.0
0.770 0.583 0.358 0.179   -1.0
0.694 0.233 0.850 0.190   -1.0
0.297 0.329 0.801 0.029   -1.0
0.758 0.869 0.709 0.116   1.0
0.449 0.524 0.476 0.532   -1.0
0.010 0.071 0.132 0.535   -1.0
0.296 0.306 0.880 0.654   1.0
0.111 0.347 0.717 0.961   1.0
0.914 0.258 0.866 0.715   1.0
0.319 0.474 0.157 0.028   -1.0
0.812 0.477 0.113 0.288   -1.0
0.786 0.299 0.079 0.918   1.0
0.376 0.214 0.140 0.256   -1.0
0.625 0.367 0.215 0.342   -1.0
0.752 0.257 0.586 0.618   -1.0*
0.873 0.937 0.445 0.030   -1.0*
0.035 0.842 0.442 0.148   -1.0
0.451 0.935 0.430 0.530   1.0
0.264 0.907 0.066 0.404   -1.0
0.933 0.029 0.530 0.148   -1.0
0.858 0.900 0.627 0.444   1.0
0.599 0.317 0.455 0.045   -1.0
0.421 0.080 0.190 0.863   -1.0
0.321 0.314 0.162 0.750   -1.0
0.015 0.014 0.751 0.081   -1.0
